   2.0000000e+00   0.0000000e+00  -4.8416514e-04   0.0000000e+00   7.4812395e-12   0.0000000e+00
   2.0000000e+00   1.0000000e+00  -2.0661551e-10   1.3844139e-09   7.0637815e-12   7.3483472e-12
   2.0000000e+00   2.0000000e+00   2.4393836e-06  -1.4002737e-06   7.2302317e-12   7.4258170e-12
   3.0000000e+00   0.0000000e+00   9.5716121e-07   0.0000000e+00   5.7314308e-12   0.0000000e+00
   3.0000000e+00   1.0000000e+00   2.0304620e-06   2.4820042e-07   5.7266332e-12   5.9766921e-12
   3.0000000e+00   2.0000000e+00   9.0478789e-07  -6.1900548e-07   6.3747769e-12   6.4018378e-12
   3.0000000e+00   3.0000000e+00   7.2132176e-07   1.4143493e-06   6.0291318e-12   6.0283112e-12
   4.0000000e+00   0.0000000e+00   5.3996587e-07   0.0000000e+00   4.4311120e-12   0.0000000e+00
   4.0000000e+00   1.0000000e+00  -5.3615739e-07  -4.7356735e-07   4.5680743e-12   4.6840435e-12
   4.0000000e+00   2.0000000e+00   3.5050162e-07   6.6248003e-07   5.3078403e-12   5.1860985e-12
   4.0000000e+00   3.0000000e+00   9.9085677e-07  -2.0095672e-07   5.6319530e-12   5.6202961e-12
   4.0000000e+00   4.0000000e+00  -1.8851963e-07   3.0880388e-07   5.3728772e-12   5.3832477e-12
   5.0000000e+00   0.0000000e+00   6.8670291e-08   0.0000000e+00   2.9101984e-12   0.0000000e+00
   5.0000000e+00   1.0000000e+00  -6.2921192e-08  -9.4369807e-08   2.9890776e-12   3.1433132e-12
   5.0000000e+00   2.0000000e+00   6.5207804e-07  -3.2335319e-07   3.8227961e-12   3.6427684e-12
   5.0000000e+00   3.0000000e+00  -4.5184715e-07  -2.1495541e-07   4.7259341e-12   4.6889854e-12
   5.0000000e+00   4.0000000e+00  -2.9532876e-07   4.9807055e-08   5.3321985e-12   5.3026210e-12
   5.0000000e+00   5.0000000e+00   1.7481180e-07  -6.6937994e-07   4.9803966e-12   4.9810273e-12
   6.0000000e+00   0.0000000e+00  -1.4995393e-07   0.0000000e+00   2.0354902e-12   0.0000000e+00
   6.0000000e+00   1.0000000e+00  -7.5921008e-08   2.6512259e-08   2.0859802e-12   2.1939546e-12
   6.0000000e+00   2.0000000e+00   4.8648892e-08  -3.7378932e-07   2.6039494e-12   2.4665062e-12
   6.0000000e+00   3.0000000e+00   5.7245161e-08   8.9520113e-09   3.3802862e-12   3.3472046e-12
   6.0000000e+00   4.0000000e+00  -8.6023794e-08  -4.7142557e-07   4.5351022e-12   4.4894283e-12
   6.0000000e+00   5.0000000e+00  -2.6716642e-07  -5.3649315e-07   5.0977946e-12   5.1011530e-12
   6.0000000e+00   6.0000000e+00   9.4706875e-09  -2.3738235e-07   4.7316510e-12   4.7283571e-12
   7.0000000e+00   0.0000000e+00   9.0512084e-08   0.0000000e+00   1.5423640e-12   0.0000000e+00
   7.0000000e+00   1.0000000e+00   2.8088756e-07   9.5125936e-08   1.5617217e-12   1.6567792e-12
   7.0000000e+00   2.0000000e+00   3.3040799e-07   9.2996929e-08   1.9179549e-12   1.8130827e-12
   7.0000000e+00   3.0000000e+00   2.5045841e-07  -2.1711829e-07   2.4211725e-12   2.4068919e-12
   7.0000000e+00   4.0000000e+00  -2.7499394e-07  -1.2405840e-07   3.3847373e-12   3.3270308e-12
   7.0000000e+00   5.0000000e+00   1.6477326e-09   1.7928178e-08   4.3726164e-12   4.3785441e-12
   7.0000000e+00   6.0000000e+00  -3.5879842e-07   1.5179826e-07   5.0335078e-12   5.0247941e-12
   7.0000000e+00   7.0000000e+00   1.5074647e-09   2.4106877e-08   4.5722297e-12   4.5707464e-12
   8.0000000e+00   0.0000000e+00   4.9475600e-08   0.0000000e+00   1.2370511e-12   0.0000000e+00
   8.0000000e+00   1.0000000e+00   2.3160799e-08   5.8897454e-08   1.2417505e-12   1.3266548e-12
   8.0000000e+00   2.0000000e+00   8.0014360e-08   6.5280504e-08   1.4949515e-12   1.4110053e-12
   8.0000000e+00   3.0000000e+00  -1.9374538e-08  -8.5963934e-08   1.8641013e-12   1.8503011e-12
   8.0000000e+00   4.0000000e+00  -2.4436048e-07   6.9807251e-08   2.5972230e-12   2.5567442e-12
   8.0000000e+00   5.0000000e+00  -2.5701148e-08   8.9203489e-08   3.2104977e-12   3.2176209e-12
   8.0000000e+00   6.0000000e+00  -6.5964868e-08   3.0894673e-07   4.3123311e-12   4.2964972e-12
   8.0000000e+00   7.0000000e+00   6.7256975e-08   7.4868606e-08   4.9829695e-12   4.9866249e-12
   8.0000000e+00   8.0000000e+00  -1.2402277e-07   1.2055189e-07   4.4986244e-12   4.5013410e-12
   9.0000000e+00   0.0000000e+00   2.8018075e-08   0.0000000e+00   1.0234876e-12   0.0000000e+00
   9.0000000e+00   1.0000000e+00   1.4215138e-07   2.1400467e-08   1.0185118e-12   1.0891766e-12
   9.0000000e+00   2.0000000e+00   2.1414438e-08  -3.1698420e-08   1.2089277e-12   1.1419076e-12
   9.0000000e+00   3.0000000e+00  -1.6061236e-07  -7.4265879e-08   1.4700830e-12   1.4570471e-12
   9.0000000e+00   4.0000000e+00  -9.3652956e-09   1.9902674e-08   2.1104833e-12   2.0737414e-12
   9.0000000e+00   5.0000000e+00  -1.6313405e-08  -5.4039484e-08   2.5518295e-12   2.5588348e-12
   9.0000000e+00   6.0000000e+00   6.2787949e-08   2.2296238e-07   3.1851439e-12   3.1687993e-12
   9.0000000e+00   7.0000000e+00  -1.1798392e-07  -9.6922213e-08   4.2949005e-12   4.3017927e-12
   9.0000000e+00   8.0000000e+00   1.8813619e-07  -3.0053897e-09   5.0265166e-12   5.0195262e-12
   9.0000000e+00   9.0000000e+00  -4.7556843e-08   9.6880421e-08   4.4579499e-12   4.4553604e-12
   1.0000000e+01   0.0000000e+00   5.3330438e-08   0.0000000e+00   8.8184005e-13   0.0000000e+00
   1.0000000e+01   1.0000000e+00   8.3762311e-08  -1.3109233e-07   8.7252651e-13   9.3692889e-13
   1.0000000e+01   2.0000000e+00  -9.3989477e-08  -5.1274677e-08   1.0208614e-12   9.6292553e-13
   1.0000000e+01   3.0000000e+00  -7.0071000e-09  -1.5413993e-07   1.2117847e-12   1.2013815e-12
   1.0000000e+01   4.0000000e+00  -8.4471539e-08  -7.9025553e-08   1.7158371e-12   1.6858725e-12
   1.0000000e+01   5.0000000e+00  -4.9289405e-08  -5.0613728e-08   2.1380500e-12   2.1411710e-12
   1.0000000e+01   6.0000000e+00  -3.7584902e-08  -7.9768862e-08   2.6482687e-12   2.6354938e-12
   1.0000000e+01   7.0000000e+00   8.2620929e-09  -3.0490370e-09   3.1618120e-12   3.1694399e-12
   1.0000000e+01   8.0000000e+00   4.0598162e-08  -9.1713862e-08   4.3386992e-12   4.3292144e-12
   1.0000000e+01   9.0000000e+00   1.2537663e-07  -3.7943658e-08   5.0882981e-12   5.0893397e-12
   1.0000000e+01   1.0000000e+01   1.0043599e-07  -2.3859620e-08   4.4854256e-12   4.4929770e-12
